44.56581685024898 -123.27887213602388
44.56581685024898 -123.27887213602388
44.56576866068274 -123.27898532897126
44.56573665661425 -123.27898745497951
44.56569545537003 -123.27898745497951
44.565654254096664 -123.27887179360934
44.56555469742615 -123.2788715071806
44.56545514075388 -123.27887122075282
44.565355584079896 -123.27887093432602
44.56525602740414 -123.2788706479002
44.56525563433563 -123.27873564459807
44.56525524110753 -123.27860064129777
44.56525484771987 -123.27846563799928
44.56525445417263 -123.2783306347026
44.56525406046582 -123.27819563140775
44.56525406046582 -123.27819563140775
